353225.0564266033 4026516.125264915
353225.05773520085 4026516.12834982
353225.0563838718 4026516.1280398117
353225.05735003925 4026516.126802808
353225.05534629396 4026516.1250612815
353225.05407389207 4026516.129410545
353225.0564083017 4026516.1294819675
353225.0545074229 4026516.128515466
353225.0537840824 4026516.128194818
353225.0574101743 4026516.1303527323
353225.05498605274 4026516.130282829
353225.05400672846 4026516.130743286
353225.05573194165 4026516.1319346973
353225.0545971326 4026516.128513946
353225.05355677754 4026516.1359663517
353225.05301237275 4026516.1303162626
353225.05321434734 4026516.1316444436
353225.0416118285 4026516.1353919287
353225.00718607777 4026516.1320912535
353224.9385121235 4026516.125375929
353224.7897702872 4026516.12800656
353224.6585679458 4026516.117135013
353224.49914416554 4026516.1142872856
353224.2097538391 4026516.1046528653
353223.9818505603 4026516.095974271
353223.72015466867 4026516.078990774
353223.41570248455 4026516.075492774
353222.9002228179 4026516.047716907
353222.5219863165 4026516.0324857207
353222.11211642844 4026516.0145723843
353221.44031621993 4026515.9711351604
353220.96089206205 4026515.9263255172
353220.4465278043 4026515.8743401133
353219.90313222416 4026515.803760233
353219.02649021044 4026515.688002902
353218.3947522852 4026515.583299303
353217.7322427705 4026515.45792236
353216.69331209635 4026515.223183837
353215.9711118904 4026515.059868847
353215.2156064556 4026514.8640499967
353214.445998174 4026514.6568186027
353213.2629448384 4026514.315996429
353212.45387914707 4026514.0839112704
353211.62397787964 4026513.834979298
353210.77183895523 4026513.565895261
353209.462561846 4026513.153197075
353208.5632370012 4026512.8586134943
353207.64062773716 4026512.5827340255
353206.2390319729 4026512.1501837433
353205.2792611553 4026511.8578452026
353204.3056975545 4026511.572398462
353203.3129030268 4026511.301259473
353201.800963094 4026510.9025378455
353200.76825573685 4026510.653824882
353199.72614163137 4026510.4060481824
353198.13324699865 4026510.0702854116
353197.05950235494 4026509.8517853725
353195.9756648567 4026509.651987944
353194.32874771237 4026509.374511071
353193.22170194576 4026509.208508251
353192.1063505905 4026509.0660603167
353190.9834216141 4026508.937167917
353189.84484838566 4026508.8224115996
353188.7015256351 4026508.7239370774
353186.93778346805 4026508.6062360425
353185.7347071207 4026508.5561572635
353184.5298337644 4026508.516539992
353182.69189813 4026508.468896481
353181.4373720315 4026508.46474267
353180.188968107 4026508.472358762
353178.9327943596 4026508.476888653
353177.04390608944 4026508.4939157213
353175.7765278182 4026508.520385454
353174.5165817129 4026508.55649452
353172.59973811 4026508.6078411946
353171.31671701296 4026508.6432320806
353170.0215828037 4026508.678717462
353168.7326548698 4026508.7256384254
353166.77269940916 4026508.7853736943
353165.4747147751 4026508.8379969704
353164.180679917 4026508.8959908844
353162.2842456817 4026508.9813937256
353161.0290162569 4026509.0098790703
353159.81215460843 4026509.0624599946
353157.99416542565 4026509.1327744424
353156.81798964564 4026509.176787611
353155.66116122354 4026509.2133711595
353153.9740714191 4026509.2713700077
353152.88512070826 4026509.294153305
353151.2953336066 4026509.3483952065
353150.2768423924 4026509.345571936
353149.2733616715 4026509.402416534
353148.2144899835 4026509.712095034
353147.316571218 4026509.6171234054
353145.9888130438 4026509.686788309
353145.0808982791 4026509.7168241576
353143.63854592224 4026509.723072144
353142.72763406765 4026509.6874665995
353141.80365987786 4026509.6912538856
353140.79734893853 4026509.724067608
353139.29940301983 4026509.6799918646
353138.24946121965 4026509.6535122893
353137.2245529173 4026509.5156415617
353135.6336229497 4026509.3965753196
353134.52972159116 4026509.2520542266
353133.42776214774 4026509.0897456435
353132.3065511527 4026508.9034617567
353130.60976070934 4026508.558597571
353129.4574992913 4026508.261096638
353128.2955914996 4026507.9609851963
353127.15038641216 4026507.5821371335
353125.38494566194 4026506.9778872044
353124.2083752281 4026506.5169008086
353123.0462126025 4026506.016498992
353121.3013394675 4026505.1750977035
353120.13685167464 4026504.5693170563
353118.98895151215 4026503.893901009
353117.23574953276 4026502.8947356907
353116.057043532 4026502.2178448313
353114.89934716455 4026501.4886654173
353113.1416758185 4026500.368844585
353111.99764017435 4026499.609139967
353110.859934301 4026498.809934907
353109.1396128339 4026497.569526349
353108.01611832704 4026496.7511053598
353106.8792181923 4026495.9253660236
353105.74660281057 4026495.093007132
353104.0640138676 4026493.855177865
353102.9605001296 4026493.0191078926
353101.8540175604 4026492.1773181036
353100.21573349315 4026490.911551484
353099.1260081185 4026490.1054312186
353098.0878385104 4026489.148520597
353097.0076138207 4026488.315274526
353095.932294396 4026487.527885742
353094.33105317364 4026486.3193059126
353093.27344754507 4026485.528731965
353092.21276816423 4026484.7474205135
353091.155653973 4026483.9593907148
353089.5882463396 4026482.8198143514
353088.553512604 4026482.060367767
353087.5162771051 4026481.3280396624
353086.4895071987 4026480.588432334
353084.9393835501 4026479.505045895
353083.91800999956 4026478.808513512
353082.8986344234 4026478.113389936
353081.8819136091 4026477.426654949
353080.4019002131 4026476.450606188
353079.46637898765 4026475.815980714
353078.5243963917 4026475.181353929
353077.16630364384 4026474.2826907067
353076.2856414414 4026473.697403375
353075.4142035256 4026473.1533504026
353074.15177431225 4026472.424176576
353073.3385685745 4026471.906101338
353072.5580966504 4026471.402673577
353071.7808233638 4026470.9238263136
353071.04168421484 4026470.46586006
353069.9965233363 4026469.8219980462
353069.27108625474 4026469.3676834283
353068.50541784504 4026468.858789532
353067.3712661118 4026468.126775557
353066.6588535168 4026467.6679125666
353065.8945710531 4026467.1878468036
353064.6994193726 4026466.3884009537
353063.8792336597 4026465.8715545884
353063.0530859692 4026465.357694544
353062.20311782183 4026464.8309224886
353060.89326303476 4026464.014668884
353060.002127012 4026463.4680662826
353059.0930821833 4026462.907896602
353058.1623501035 4026462.3071479783
353056.7099188423 4026461.47089756
353055.7511189441 4026460.8343389723
353054.77703285916 4026460.2383207465
353053.3374935252 4026459.268026022
353052.4102360137 4026458.507093668
353051.4569329355 4026457.8930795724
353050.53273953963 4026457.27579771
353049.14385850955 4026456.3981896797
353048.2584158409 4026455.8011126397
353047.38314957847 4026455.200866983
353046.508920244 4026454.5982735157
353045.24455787614 4026453.7607216914
353044.4296799705 4026453.2130491803
353043.6340228738 4026452.7298554815
353042.47647422896 4026451.9995730044
353041.66865776386 4026451.423817284
353040.8260489742 4026450.9131235713
353040.0186468356 4026450.3671001303
353038.7607662054 4026449.573160263
353037.8891443044 4026448.9656408397
353037.00158248405 4026448.4183140453
353035.65458119835 4026447.502157976
353034.7117923291 4026446.8679932165
353033.7427991063 4026446.313170568
353032.30183212226 4026445.354221982
353031.3065542913 4026444.6676837076
353030.3430926812 4026443.9628511555
353029.3787855571 4026443.3351551197
353027.9040209848 4026442.2883397858
353026.9210279979 4026441.6541919713
353025.95662023895 4026440.9518172
353024.4968995097 4026439.9772086916
353023.5302144993 4026439.320480246
353022.56968693295 4026438.672302881
353021.15828268003 4026437.736934416
353020.22398863407 4026437.13813649
353019.29876305955 4026436.5396286976
353018.42945148924 4026435.9573724046
353017.1257866607 4026435.0674489033
353016.28664293047 4026434.533728488
353015.49214074016 4026433.9971424965
353014.65897764574 4026433.3980721706
353013.34896368004 4026432.5148039614
353012.50367389346 4026431.9150518053
353011.63539652183 4026431.346205619
353010.77243795875 4026430.7258915557
353009.39013729664 4026429.755298499
353007.89569572196 4026429.024743288
353006.9504347427 4026428.3508971143
353005.96850328665 4026427.679004743
353004.49015899526 4026426.6754200533
353003.4885968114 4026425.973123108
353002.46900515736 4026425.250159375
353000.9329546749 4026424.193513297
352999.9023214943 4026423.528550991
352998.94093596586 4026422.70306533
352997.87665477744 4026421.9960627626
352996.3802892951 4026420.771405883
352995.3373256619 4026420.077912819
352994.2931893039 4026419.3470438807
352993.2307888028 4026418.6821774123
352991.759075207 4026417.4930563527
352990.7182206365 4026416.7811074997
352989.66577458783 4026416.0259673204
352988.63711951056 4026415.3348954576
352987.0563503431 4026414.2133179246
352985.9824577365 4026413.5482034073
352984.89514103776 4026412.8006463395
352983.2983259974 4026411.733049745
352982.22492018214 4026411.0173264397
352981.1562921981 4026410.2764436402
352979.5637510986 4026409.1963468688
352978.51464519626 4026408.4742194624
352977.4949415468 4026407.8030819944
352976.44673952303 4026407.171266659
352974.95465581166 4026406.209865373
352974.0079286656 4026405.571556903
352973.0328800387 4026404.951261888
352971.70262884005 4026403.960039153
352970.81893958466 4026403.392900902
352969.96615708864 4026402.8596380744
352969.1672193205 4026402.368738798
352967.87419440015 4026401.868468941
352967.1462724547 4026401.437618593
352966.3711883077 4026400.956301826
352965.2158180551 4026400.222995994
352964.49012298114 4026399.7858939157
352963.83759295335 4026399.3133724825
352962.70759321394 4026398.599721484
352961.9314508144 4026398.1195327193
352961.1987425756 4026397.665793885
352960.0792897055 4026396.9390920564
352959.358513884 4026396.4904772993
352958.6172460516 4026396.013580845
352957.8816149327 4026395.503964484
352956.7329015302 4026394.776982844
352955.85500593693 4026394.3451275155
352955.06116201053 4026393.842491485
352954.2505502181 4026393.3353684954
352953.02320936415 4026392.549355581
352952.30400595465 4026392.172288441
352951.4695876697 4026391.6795515586
352950.6071318366 4026391.142237946
352949.3876552136 4026390.38605316
352948.62623392424 4026389.9220388136
352947.9169848488 4026389.592186018
352946.69256603625 4026388.8515098845
352945.900427022 4026388.37536684
352945.08688315004 4026387.8806117643
352943.7078628541 4026386.9825453423
352942.8638754026 4026386.470663378
352941.9989831277 4026385.9484834448
352941.1126420933 4026385.4156818814
352939.755691426 4026384.538436197
352938.82580585324 4026383.967424454
352937.87492468965 4026383.4230683395
352936.90560659755 4026382.8446254544
352935.4284108055 4026381.9308047118
352934.4266054345 4026381.299427354
352933.4182301706 4026380.6828092653
352932.42848575243 4026380.0535577266
352930.9439001948 4026379.106240112
352929.96376546694 4026378.4721651166
352928.9823627458 4026377.8479878176
352927.44053417933 4026377.38778908
352926.46814034926 4026376.781546772
352925.5065107616 4026376.0005706614
352924.5430988193 4026375.405383776
352923.19898220035 4026374.5336929853
352922.22873469756 4026373.937623664
352921.2912584758 4026373.3372253026
352920.63194496615 4026372.137543903
352919.2227674641 4026371.2500910466
352918.30514477764 4026370.6721042376
352917.3719774438 4026370.0823969375
352915.90937119373 4026369.1560143395
352914.9101765653 4026368.530587014
352913.8843741452 4026367.891962512
352912.30562100944 4026366.9114027307
352911.2289767399 4026366.232916654
352910.1267987965 4026365.5516460994
352909.00646929466 4026364.8478245903
352907.2801953648 4026363.77289565
352906.10684814653 4026363.0279179825
352904.9146788445 4026362.279043238
352903.09265019617 4026361.130061061
352901.8665178077 4026360.3523569982
352900.6175549265 4026359.561946562
352899.3548822822 4026358.756899451
352897.4399892527 4026357.5297095794
352896.140106232 4026356.705431513
352894.8319127264 4026355.8779657073
352892.8375465586 4026354.61073529
352891.4983712728 4026353.771478597
352890.15256814746 4026352.933000427
352888.1822564589 4026351.7030914444
352886.84957260464 4026350.8868063735
352885.53898018703 4026350.066151611
352884.25039464806 4026349.252003358
352882.3276991794 4026348.035934849
352881.0537028013 4026347.2354102302
352879.8194551159 4026346.4609539746
352878.01267564757 4026345.317266217
352876.8317395177 4026344.564320545
352875.6705080957 4026343.8355641807
352874.55625772104 4026343.1254295004
352873.46597506787 4026342.43685948
352871.9018836261 4026341.4482900063
352870.91160829505 4026340.8305946873
352869.9721510992 4026340.230235195
352869.07343339524 4026339.656149052
352867.7875486341 4026338.8374075997
352867.0062539241 4026338.345107967
352866.188134908 4026337.8245822424
352864.94685757137 4026337.027388129
352864.17644109053 4026336.525693753
352863.4033408443 4026336.040357176
352862.62753165036 4026335.5223313686
352861.48810011195 4026334.7774492954
352860.7208423128 4026334.2926795376
352859.9766545354 4026333.781884694
352858.85576971597 4026333.082850319
352858.1017967055 4026332.624709229
352857.3706333017 4026332.1780543462
352856.63599638536 4026331.7540957937
352855.539072691 4026331.155524029
352854.7962014389 4026330.822698479
352854.0568789382 4026330.51389259
352852.93485637265 4026330.1336867483
352852.1677361748 4026329.958291657
352851.3813788389 4026329.7915458456
352850.58289403294 4026329.6874805344
352849.3808262611 4026329.666836284
352848.5624437346 4026329.691054135
352847.7307932213 4026329.8164774515
352846.8809782474 4026329.9767200956
352845.5738508878 4026330.3486866932
352844.69299615134 4026330.6733551105
352843.7914193276 4026331.0407649744
352842.4226743243 4026331.700073644
352841.49890855147 4026332.2087888215
352840.5649220414 4026332.7392053013
352839.12603259325 4026333.5853537708
352838.14929238777 4026334.1769737047
352837.1571902044 4026334.7940441906
352836.16409171396 4026335.436987057
352834.6433670027 4026336.426231187
352833.6141219557 4026337.1019687373
352832.58629771776 4026337.7926628455
352831.02732027916 4026338.854464035
352829.9965715202 4026339.573726694
352828.9692796252 4026340.2851630715
352827.9345512944 4026341.0131490203
352826.40166328265 4026342.115676783
352825.40696246835 4026342.83854451
352824.40834190545 4026343.557817022
352823.4103856138 4026344.29505505
352822.019620572 4026345.3325842037
352821.10990453674 4026346.013173062
352819.7724836129 4026346.9736730824
352818.931981124 4026347.5869501433
352818.11904165574 4026348.1587012755
352817.3277197452 4026348.729863361
352816.4970338563 4026349.329324975
352815.2344915734 4026350.2178677972
352814.48808854615 4026350.7443241775
352813.73881579994 4026351.292024094
352812.5645353631 4026352.104054306
352811.80162288167 4026352.6412222823
352811.0507775501 4026353.1544383834
352810.2920946977 4026353.676443126
352809.53430162 4026354.171578777
352808.37902373914 4026354.976961677
352807.583255181 4026355.4975992385
352806.76790094783 4026356.0591835566
352805.50834770745 4026356.896410305
352804.6375161866 4026357.4833500194
352803.732854473 4026358.0809625285
352802.81607126107 4026358.6728997957
352801.4031497784 4026359.605057212
352800.4067334986 4026360.2478388874
352799.40243712656 4026360.92859435
352797.8556962217 4026361.917843485
352796.78649443656 4026362.6183443805
352795.7165804012 4026363.303322116
352794.6214936881 4026364.012030743
352792.9314142254 4026365.094930936
352791.7905140196 4026365.8326039165
352790.60469232703 4026366.5778092314
352788.8185432645 4026367.7053976706
352787.59545742394 4026368.4545655283
352786.36767950054 4026369.196933325
352784.4944516347 4026370.3332150117
352783.22640830936 4026371.0824815445
352781.9322684951 4026371.8380729156
352780.62507659686 4026372.601875885
352778.6440817561 4026373.7334428453
352777.302880017 4026374.5025957786
352775.94351474795 4026375.269616269
352773.8824212807 4026376.403433062
352772.5095165101 4026377.165801617
352771.1431399358 4026377.8845603517
352769.14954396745 4026378.9345609187
352767.80556746724 4026379.645948662
352766.48280893546 4026380.333229115
352765.18176328414 4026380.9938416155
352763.2616908488 4026381.960811488
352762.02001193754 4026382.5925629474
352760.8241498745 4026383.1638357076
352759.10223943496 4026384.004931499
352758.0355133078 4026384.518082824
352757.0116412303 4026385.0076468266
352756.05187038577 4026385.472374693
352754.6820575814 4026386.115514939
352753.71951936616 4026386.5705249957
352752.83349606826 4026386.997158908
352752.00802519976 4026387.364395173
352750.68907483714 4026387.990470533
352749.8562995887 4026388.355611798
352749.01814122376 4026388.7313865097
352747.7721151517 4026389.3131677913
352746.97275296797 4026389.6642035227
352746.16970957135 4026390.0204063808
352745.3442815045 4026390.3954102863
352744.0619890691 4026390.9659349634
352743.16305600776 4026391.3721494135
352742.24142690445 4026391.789402525
352741.2786651086 4026392.2153444244
352739.76359551237 4026392.870831848
352738.7186933096 4026393.337341448
352737.6391804023 4026393.8055490707
352735.9443917287 4026394.541990551
352734.7800894971 4026395.0216266364
352733.5802299621 4026395.5475856927
352732.35339629767 4026396.059910542
352731.102412394 4026396.582189211
352729.1680500826 4026397.3943887083
352727.8519394474 4026397.92864957
352726.5021505313 4026398.4877848723
352724.43481625296 4026399.317115157
352723.0307596547 4026399.861859934
352721.59884709807 4026400.4202835183
352719.42556165985 4026401.240874041
352717.9505641497 4026401.798698982
352716.46066057845 4026402.340132473
352714.95736389374 4026402.8961086576
352713.4251862068 4026403.4476934792
352711.12066917255 4026404.2452163436
352709.58885838254 4026404.760287421
352708.05750576337 4026405.275905825
352705.7991889154 4026406.024928903
352704.3173125476 4026406.505307102
352702.8429375605 4026406.97823421
352700.6612861021 4026407.665478269
352699.2308788988 4026408.101150357
352697.8330719664 4026408.5382658923
352696.4623496355 4026408.963824494
352694.47414618195 4026409.5699934885
352693.209513496 4026409.9490292617
352691.9917646904 4026410.3198333625
352690.25699812477 4026410.8474576753
352689.1643741294 4026411.177629323
352688.1116629464 4026411.490699398
352687.0953223972 4026411.821127945
352685.6472417428 4026412.262318274
352684.72619748244 4026412.5500690592
352683.75113766565 4026412.8488363186
352682.3873553383 4026413.2919230107
352681.5236234191 4026413.577811993
352680.64611709747 4026413.866376537
352679.77010365925 4026414.163571235
352678.493883031 4026414.5840860484
352677.6453887039 4026414.863613158
352676.8205175883 4026415.181355296
352675.9847223137 4026415.4530099193
352674.68780898623 4026415.9284730186
352673.7894170752 4026416.244802298
352672.86881908 4026416.585145263
352671.9145299735 4026416.939044348
352670.933939432 4026417.3030449003
352669.3994521456 4026417.8979542595
352668.3417804686 4026418.309761028
352667.262276566 4026418.709510824
352666.14682085725 4026419.164024088
352664.4237440819 4026419.8564632456
352663.25570137205 4026420.3479354344
352662.0573692209 4026420.8524621353
352660.21829207335 4026421.636536191
352658.9823954544 4026422.1959650773
352657.7354205757 4026422.763572173
352656.5050890341 4026423.3388860794
352654.69887096575 4026424.2081802706
352653.5127779715 4026424.7938390654
352652.34029879025 4026425.388476804
352651.2192299951 4026425.9613786046
352649.6006633121 4026426.820380902
352648.56483748025 4026427.37685287
352647.0836615318 4026428.2041128986
352646.1550505119 4026428.716927224
352645.26465371746 4026429.2394117275
352644.4228032783 4026429.7247844427
352643.25117015303 4026430.3902061954
352642.5257908486 4026430.837977857
352641.86303432944 4026431.2531698816
352640.87090141466 4026431.840636388
352640.1819721083 4026432.2629316966
352639.54936399707 4026432.646207448
352638.95032730314 4026433.0036117653
352638.05113902525 4026433.547330352
352637.43279739545 4026433.882980617
352636.82114830613 4026434.2269506203
352635.89718410146 4026434.722709089
352635.2635182785 4026435.022666752
352634.6295694884 4026435.3059841855
352633.9727806152 4026435.58658304
352632.9445063705 4026435.9590557995
352632.22789198975 4026436.1728712907
352631.4886315563 4026436.3584424495
352630.3279391561 4026436.5642755097
352629.532859791 4026436.6442676373
352628.707881588 4026436.702242011
352627.4349572401 4026436.6408887194
352626.5902725006 4026436.51632442
352625.301205044 4026436.244519175
352624.4537487554 4026435.993943409
352623.6206373767 4026435.6739911335
352622.4025684918 4026435.0970393745
352621.60440313 4026434.642111532
352620.80318449764 4026434.134304306
352619.6235286162 4026433.272734316
352618.86278728046 4026432.6702494984
352618.09024425194 4026432.0070444536
352617.33130294806 4026431.3257423854
352616.2160396243 4026430.1927612824
352615.47157292964 4026429.402243299
352614.6987851987 4026428.650823718
352613.52917633735 4026427.456736632
352612.71855710936 4026426.6601312417
352611.8825783613 4026425.8393225516
352611.00574810576 4026425.043732592
352610.10912881925 4026424.240156787
352608.707202828 4026423.0736581045
352607.71359665494 4026422.3399771876
352606.16890712467 4026421.2217368553
352605.0953544951 4026420.5257024625
352604.0043699 4026419.8230847567
352602.8611907475 4026419.1699587326
352601.118232894 4026418.0709603243
352599.8996576841 4026417.48558665
352598.64214658225 4026416.9589113845
352596.7370940604 4026416.164502285
352595.34914242657 4026415.904037656
352594.0525390449 4026415.4532638798
352592.7421088412 4026415.028469925
352590.7516372412 4026414.377331448
352589.4362867791 4026413.9376411005
352587.45977917383 4026413.3371997746
352586.11570272583 4026412.986661486
352584.81463291415 4026412.5793532445
352583.51439455 4026412.2050992968
352581.5494556697 4026411.6622764138
352580.25913991337 4026411.322697851
352578.9527535415 4026411.0143527715
352577.6532713942 4026410.6951265903
352575.71579273173 4026410.2367277644
352574.45249517134 4026409.929203771
352573.2177616735 4026409.607434011
352571.3975952505 4026409.250572611
352570.30394609866 4026408.9032105953
352568.64118892245 4026408.5361257065
352567.59014177474 4026408.340286279
352566.12214885553 4026408.064543039
352565.21487327915 4026407.8955529532
352564.2637522787 4026407.987194415
352563.1125159769 4026407.7996073575
352562.3914282705 4026407.713671059
352561.7222208169 4026407.6230791514
352561.0944046199 4026407.528453968
352560.26372014766 4026407.356718558
352559.64465287107 4026407.317428258
352559.0105234552 4026407.2367815617
352558.0922286994 4026407.1849392457
352557.4834143334 4026407.1417017435
352556.8650524133 4026407.106949297
352556.26683609374 4026407.011487877
352555.33234678104 4026406.8201026255
352554.63799203944 4026406.8127207817
352553.95848112146 4026406.760033677
352552.90798464743 4026406.6967925583
352552.19076969044 4026406.7013405142
352551.39394769 4026406.86892256
352550.2821547191 4026406.8107196596
352549.4973094538 4026406.8225219115
352548.70201625663 4026406.7793512787
352547.8958443427 4026406.6980821253
352546.5890767233 4026406.689138111
352545.68175840983 4026406.712790015
352544.74403662106 4026406.716430459
352543.3040976377 4026406.6760191494
352542.29925895715 4026406.7276302488
352541.2707276922 4026406.7211648948
352540.2170233865 4026406.7436466627
352538.5991196905 4026406.7395549705
352537.3836958377 4026407.03577147
352536.29097096773 4026407.0117566814
352535.20374563674 4026407.047237884
352533.5863536651 4026407.062668667
352532.7261220436 4026406.636546808
352531.71699336555 4026406.6522787367
352530.7314094248 4026406.6699403813
352529.77451036 4026406.6909977947
352528.4473990485 4026406.7100336123
352527.5516978577 4026406.957532711
352526.7672425796 4026406.965890397
352525.551184066 4026406.9928016923
352524.8273338594 4026407.018770572
352524.11187707086 4026407.0528082354
352523.05954025465 4026407.060732097
352522.3201335821 4026407.095399475
352521.60913229384 4026407.1275860365
352520.8802494789 4026407.1794962883
352519.8049938228 4026407.2275369363
352519.0828907547 4026407.2401604797
352518.33442389476 4026407.280308842
352517.5836207925 4026407.2991913073
352516.44868972234 4026407.23661497
352515.6283752745 4026407.2365956693
352514.7726746029 4026407.2718005665
352513.8893817378 4026407.2887217226
352512.51585157344 4026407.2694895924
352511.53648711526 4026407.304580398
352510.5314172611 4026407.3267927817
352508.96275965165 4026407.36891852
352507.87935236027 4026407.4020078513
352506.74078123627 4026407.4524594843
352505.5952181186 4026407.4928212916
352504.42272951006 4026407.51189199
352502.58667378954 4026407.581984742
352501.3797285123 4026407.5432735756
352500.09939605056 4026407.5426529907
352498.1407748073 4026407.6191608272
352496.8082390117 4026407.667478247
352495.4490647771 4026407.7008248894
352494.0630367241 4026407.748721744
352491.95582064294 4026407.826096083
352490.52281825506 4026407.9085272597
352489.10764736996 4026407.9103147513
352487.74599427765 4026407.877124398
352485.649656271 4026407.96618859
352484.2676219271 4026408.0220086714
352482.9018645518 4026408.095639539
352480.7514222888 4026408.464597947
352479.44632115134 4026408.5588353183
352478.19635076105 4026408.5968725253
352476.9501559257 4026408.698540891
352475.1705258286 4026408.7410466284
352474.0578717985 4026408.679761058
352472.9412259771 4026408.6844582018
352471.856282298 4026408.7169123995
352470.28303789446 4026408.600328966
352469.3266240568 4026408.407439744
352468.3109791287 4026408.304000106
352466.83718968125 4026408.1413369775
352465.8966919615 4026407.976695739
352464.9700460017 4026407.7717595315
352463.63747451914 4026407.391082861
352462.7900089299 4026407.050861072
352461.96652330767 4026406.6696169977
352461.1697166462 4026406.2582904394
352460.1051368059 4026405.368038662
352459.408830186 4026404.787551253
352458.76606661186 4026404.13668662
352457.86740620993 4026403.1351947743
352457.27707342093 4026402.5594501067
352456.81236927997 4026401.8198868493
352456.18180036993 4026400.62562951
352455.7661109845 4026399.8185403002
352455.39436623687 4026398.957105586
352454.9688727783 4026398.312084734
352454.52192087413 4026397.0656532925
352454.2449839921 4026396.1961681205
352453.96756820905 4026395.303831833
352453.59641496034 4026393.9923034925
352453.35501216573 4026393.0699476367
352453.11794194183 4026392.1069039553
352452.8933711357 4026391.1084707836
352452.6803799366 4026390.0733321756
352452.47175909067 4026388.999724445
352452.1740153861 4026387.372131718
352451.9949593579 4026386.2271124166
352451.84323204414 4026385.0374627477
352451.6274977027 4026383.166675679
352451.47906119993 4026381.901512175
352451.35296450724 4026380.641294697
352451.23011900566 4026379.3032337413
352451.06167485355 4026377.2741787345
352450.9551515945 4026375.9144231435
352450.85529818805 4026374.4984044954
352450.7352740626 4026373.0625332636
352450.6361011064 4026370.8485367545
352450.5401808372 4026369.405264138
352450.4628973366 4026367.8812228353
352450.31738503673 4026365.5546067837
352450.23702845076 4026363.9976605135
352450.15728843375 4026362.408412246
352450.0560911702 4026360.038652069
352449.9795582193 4026358.4585594893
352449.8940311565 4026356.8878303585
352449.82564510463 4026354.600404095
352449.7757590955 4026352.956717346
352449.7254108087 4026351.4756056517
352449.67941518343 4026350.023493287
352449.6261716117 4026347.919127264
352449.59123020596 4026346.615522931
352449.55236021546 4026345.3025532695
352449.48832676106 4026344.0296274493
352449.4209899035 4026342.077859605
352449.3813493587 4026340.7828797847
352449.34675464296 4026339.515444917
352449.28590864065 4026337.644461758
352449.2444663339 4026336.3806944536
352449.21098496387 4026335.0890497505
352449.16434797517 4026333.240905858
352449.14713049686 4026331.9452113244
352449.12370764144 4026330.669818521
352449.066726809 4026328.746503946
352449.06013893127 4026327.3688454763
352449.0328705874 4026326.0784266028
352449.0074835021 4026324.8141639913
352448.9562037096 4026322.8409280116
352449.04273099476 4026321.255617594
352449.03045922396 4026319.9499627743
352448.9869054044 4026317.993018416
352448.94591925375 4026316.7191453497
352448.88311175443 4026315.518216512
352448.7511439848 4026314.5509419534
352448.681039558 4026312.726500867
352448.6393548633 4026311.569710259
352448.59887440864 4026310.478369882
352447.25088701106 4026311.9179330496
352447.07686142216 4026310.578302457
352446.97185535263 4026309.676594379
352447.1299725529 4026308.1373369917
352446.9510626486 4026306.8060011608
352446.8015853487 4026305.95409793
352446.63618592144 4026305.0946981157
352446.7222406483 4026303.386776835
352446.33572265855 4026302.2588284565
352446.58843659936 4026300.70431126
352446.57285952655 4026299.468067345
352446.6589165466 4026297.5231197863
352446.4212340824 4026296.735082208
352446.1465435183 4026295.934469712
352445.9429944246 4026295.1799178803
352445.5379244299 4026293.921676872
352452.2863442316 4026293.7245371575
352452.07747903734 4026292.620861499
352453.7979628957 4026289.7569049285
352450.2252522123 4026287.458019536
352448.16885796224 4026285.1303192056
352447.5904382188 4026283.6103728223
352446.91103343316 4026281.277312855
352446.1764193224 4026279.649391831
352446.1405393956 4026278.1062250966
352447.7696203217 4026276.309332317
352433.93377514265 4026263.9811077835
352434.1547439614 4026262.8390416806
352434.2158944838 4026262.208815436
352434.2158944838 4026262.208815436
352434.2158944838 4026262.208815436
352434.2158944838 4026262.208815436
352434.2158944838 4026262.208815436
352434.2158944838 4026262.208815436
352434.2158944838 4026262.208815436
352448.3547805265 4026252.669760504
352448.3576398704 4026250.8666035202
352448.3257816421 4026249.7229617666
352449.2293309355 4026248.9446757785
352449.2303891458 4026247.383569249
352449.26118406403 4026246.351381537
352449.25254200393 4026245.4064198784
352429.164757758 4026295.10999147
352429.23325120274 4026294.1310916017
352431.6223769488 4026286.8504499733
352430.02836167713 4026290.1896390305
352433.928519442 4026281.8951007803
352433.98443184845 4026280.9414938763
352434.03197890543 4026279.960398561
352434.4016099657 4026278.705388221
352435.09903091006 4026278.0806386857
352445.230138054 4026247.25116776
352445.3371303587 4026246.1719639595
352445.4252369992 4026244.695152873
352445.52732944745 4026243.4125184156
352444.1329651219 4026246.556108866
352444.46633995447 4026244.1941515217
352444.54543036455 4026243.0205457606
352444.68554887234 4026241.683777516
352445.0091808001 4026239.9986649654
352445.20935916994 4026237.5722844317
352445.59145848243 4026235.763335489
352445.72914221906 4026234.605044227
352446.30591002153 4026231.8748586816
352445.9735093815 4026232.1649281178
352446.26868561335 4026230.711223245
352446.9701754719 4026228.1116309413
352449.7178516902 4026219.8820018745
352450.0894548062 4026218.3682941254
352450.5915900287 4026216.7203126405
352451.5350019267 4026213.718672716
352448.5609458054 4026221.650435508
352449.33375670284 4026219.502597719
352453.77300220175 4026207.4737191917
352454.45540408423 4026205.702934868
352455.0937123089 4026204.0673937947
352455.7483641946 4026202.369210867
352459.64537631907 4026192.0463703317
352460.3885178514 4026190.332477405
352461.05878173374 4026188.8500825744
352462.2056578961 4026186.3234711424
352462.8262497685 4026184.9702004227
352463.6095714057 4026183.3127719173
352464.7957902546 4026180.861947562
352466.0002364161 4026178.427458179
352467.1830995496 4026175.689840859
352467.9635198538 4026174.1359947533
352468.73446162546 4026172.6315795938
352469.8828097624 4026170.3809200963
352470.64603750885 4026168.9241304896
352471.38302664075 4026167.549681547
352472.0943079983 4026166.1411595163
352472.77852344594 4026164.7874723254
352473.77892302955 4026162.865687097
352474.1805369926 4026161.6858144156
352475.05634782667 4026160.015493969
352475.4872172953 4026158.8461090773
352475.8157981727 4026158.463226385
352476.2837658096 4026157.4961691755
352477.0186425197 4026156.0660512038
352477.50059807044 4026154.9243153427
352477.95269361633 4026154.0528493687
352478.40777732665 4026153.1671287376
352479.0909645703 4026151.8109074286
352479.540060165 4026150.9266204205
352479.9524304892 4026150.494484592
352480.6238321986 4026149.1628768714
352481.08422214136 4026148.2303488497
352481.55787614756 4026147.2809499614
352482.02970786113 4026146.2244986817
352482.8065837309 4026144.699344142
352483.3372907412 4026143.653653232
352483.88251414447 4026142.580306323
352485.038087943 4026140.215895807
352485.64307005075 4026139.073397837
352486.2469607083 4026137.898405084
352487.1895943375 4026136.083356957
352487.8322792296 4026134.8465609723
352488.4466353696 4026133.358462489
352489.1159450763 4026132.0619568634
352490.1377685823 4026130.075004391
352490.82629166526 4026128.7262391783
352491.5245941663 4026127.3667656723
352492.23693248874 4026125.9882998457
352493.31225477695 4026123.8912453586
352494.01237896027 4026122.51221085
352494.7110074788 4026121.129650918
352495.75115885446 4026119.091009438
352496.4320842122 4026117.7544695395
352497.1058936729 4026116.4480119976
352498.07972774864 4026114.525461796
352498.69869567093 4026113.29228856
352499.30879857414 4026112.1024325457
352499.9011440882 4026110.950163844
352500.73159484845 4026109.3243398056
352501.263415065 4026108.2910596477
352501.7709360288 4026107.295922002
352502.4879242086 4026105.9162684013
352502.9218330919 4026105.07795991
352503.35140925366 4026104.227629757
352503.7915201866 4026103.379339668
352504.43486474385 4026102.1124618487
352504.8268926509 4026101.3496582615
352505.23132433265 4026100.5774332928
352505.84522087895 4026099.3836294245
352506.2569964124 4026098.599960858
352506.66487452824 4026097.814028339
352507.2772783905 4026096.6221364453
352507.6951494928 4026095.806405639
352508.1309171277 4026094.9559704014
352508.57668045105 4026094.081174196
352509.28313609696 4026092.720564992
352509.77257267345 4026091.764796206
352510.27446035115 4026090.791837543
352510.79070703045 4026089.7661470105
352511.5936232509 4026088.1885088226
352512.1482678241 4026087.098802556
352512.7089615759 4026085.979587053
352513.5867690857 4026084.2411035416
352514.1794408945 4026083.049770019
352514.7882452372 4026081.825537604
352515.4123141108 4026080.585953904
352516.3606471862 4026078.7306425567
352516.9769469795 4026077.4932995983
352517.58724902815 4026076.267377431
352518.516044374 4026074.429376882
352519.1128872808 4026073.2141148304
352519.7393576926 4026072.031194918
352520.3233029813 4026070.8648671005
352520.8805708021 4026069.744600887
352521.58203574095 4026068.248697804
352522.1811327641 4026067.1711080256
352522.6986373877 4026066.1611543177
352523.4215852816 4026064.7674195645
352523.9284826739 4026063.7669677143
352524.5585987161 4026062.8456469867
352525.24860727176 4026061.4938637735
352525.7468765687 4026060.5559224854
352526.25392222404 4026059.622159601
352526.89196951163 4026057.948679008
352527.3718602064 4026057.02236926
352527.84421732865 4026056.122708925
352528.31659244426 4026055.229373448
352529.0449073191 4026054.061255337
352529.541306014 4026053.0871708267
352530.04983291065 4026052.0980103505
352530.5797196878 4026051.071978196
352531.1375193546 4026050.030268568
352531.96342119464 4026048.3790031853
352532.56259689893 4026047.2636840823
352533.1760391813 4026046.11128113
352534.0990378609 4026044.2961295815
352534.73200110474 4026043.062055584
352535.42052802216 4026041.849784418
352536.0882866967 4026040.5561948307
352537.11351838196 4026038.583616971
352537.8093089423 4026037.2233030954
352538.52779479715 4026035.8412973876
352539.228894699 4026034.4396134927
352540.531085053 4026032.493838032
352541.26841785654 4026031.053808935
352542.0015513812 4026029.593766299
352543.1144047789 4026027.406641246
352543.8566515512 4026025.9388979636
352544.5851582883 4026024.4916955624
352545.3173729264 4026023.051421079
352594.1309756582 4025910.0597663154
352595.1931070193 4025907.9490811354
352595.8816729988 4025906.5743593313
352596.55612320954 4025905.24559617
352548.9810143602 4026014.9722552933
352549.5922803766 4026013.76551686
352550.1937339597 4026012.5833582296
352550.7608702306 4026011.4676980893
352551.3103157069 4026010.388292383
352551.84772084886 4026009.3343921104
352552.61513770174 4026007.8267171723
352553.1556499761 4026006.7971769255
352553.6737237615 4026005.735838
352554.0287556309 4026005.1083808565
352554.76168006385 4026003.667429492
352555.2616086346 4026002.673645554
352555.7925222203 4026001.6812209096
352556.5358324521 4026000.1965938723
352557.0520257476 4025999.21984422
352557.55955260876 4025998.2242666623
352558.0681880392 4025997.251640495
352558.85226759524 4025995.7262608907
352559.4302581253 4025994.5521589904
352559.96595300734 4025993.508386457
352560.50427641516 4025992.4555808995
352561.33736320585 4025990.8356004828
352561.92615670024 4025989.721459228
352563.07176951005 4025987.417819271
352563.67226430675 4025986.2582044606
352564.28766224557 4025985.077807217
352564.9053941952 4025983.8816129733
352565.8776599386 4025982.0285643972
352566.5432488714 4025980.7809550613
352567.2255551177 4025979.5189685454
352567.9148783426 4025978.2685142737
352568.98018383456 4025976.324221765
352569.7000361483 4025975.0271968977
352570.41448974854 4025973.713507898
352571.4994597549 4025971.711733114
352572.2374689998 4025970.3530347464
352572.9701550444 4025968.982109652
352573.6979560266 4025967.6036110013
352574.79941066075 4025965.5156676676
352575.5365057145 4025964.1031661006
352576.26809538493 4025962.6730035115
352576.99866474746 4025961.2197771785
352578.0769242657 4025959.0238139797
352578.7871917363 4025957.5482958867
352579.4881448332 4025956.0686085946
352580.1953009617 4025954.5948080826
352581.2322884915 4025952.4151938357
352581.91023244895 4025950.965082573
352582.57913375593 4025949.526776757
352583.58870961505 4025947.3816960906
352584.2672126489 4025945.985505611
352584.9335355953 4025944.606611335
352585.9376463621 4025942.525319154
352586.59075804177 4025941.176943811
352587.2141945909 4025939.835620376
352587.86620502424 4025938.5174469673
352588.465443256 4025937.2413401045
352589.07639454195 4025936.00487128
352589.9223727565 4025934.25573111
352590.47913984186 4025933.136588662
352591.00848306256 4025932.0882659312
352591.5312453554 4025931.064578928
352592.25525560783 4025929.6686138767
352592.6973408697 4025928.7084408705
352593.1805168774 4025927.7317006546
352593.91027691145 4025926.3571656113
352594.30874236656 4025925.4917238634
352594.7545416541 4025924.633799567
352595.55988075456 4025923.3602908994
352596.0152141883 4025922.498320662
352596.4079334602 4025921.7329582092
352596.52801480447 4025921.601195101
352596.86980905605 4025921.139528316
352597.3816939733 4025920.2307668356
352597.8970275839 4025919.345360809
352598.6718907817 4025917.9526372533
352599.1788499184 4025916.9442001814
352599.63273929706 4025915.8600984337
352597.278893052 4025912.3400851325
352598.2166875428 4025910.7493990227
352598.6234263163 4025909.351951113
352599.2912299467 4025908.2339169346
352599.61467664293 4025906.725143113
352600.6972723355 4025904.9838532875
352601.36038178485 4025903.716426351
352602.1480951006 4025902.5197856207
352603.0634815742 4025900.3132805196
352603.77225648053 4025898.971062018
352604.4922599375 4025897.6188875
352604.59129708586 4025895.6640697573
352605.7387387424 4025893.6195141855
352606.06028602837 4025891.8142687283
352606.9337752997 4025890.489667102
352608.05674964236 4025888.283405001
352608.926145984 4025886.886966497
352604.8010125343 4025879.4581853347
352605.74973214825 4025878.092688881
352607.0686252021 4025875.9393549943
352611.79485250846 4025879.2139562587
352612.60113309685 4025877.631279042
352613.4550559198 4025876.053118099
352614.7047429796 4025873.6350851227
352615.51544042944 4025871.9743232047
352616.3336666868 4025870.334073239
352621.4142097973 4025872.5110700442
352622.22809404356 4025870.9004117884
352623.0366767717 4025869.2840734893
352623.8526396871 4025867.6583995083
352624.64691651356 4025866.066273585
352625.80547350034 4025863.709048637
352626.578562077 4025862.1638894556
352627.3487528245 4025860.648851737
352628.4719647063 4025858.419063745
352629.2393475183 4025856.9446879644
352629.9380167232 4025855.509098593
352630.5928885876 4025852.479545061
352631.2427429088 4025851.234317816
352631.87294104113 4025849.783136935
352632.47037452215 4025848.5953944456
352633.30983569496 4025846.9263777235
352633.8244971955 4025845.895396848
352634.3273762839 4025844.905119371
352634.9762039366 4025843.75778296
352635.3821381568 4025842.9563556076
352636.05533519416 4025842.9729832225
352636.4600950633 4025842.155263726
352636.99704742327 4025841.0417883545
352637.5123045788 4025839.8927285713
352637.8689883723 4025839.1874595876
352638.41206374887 4025838.1173793348
352638.79268111254 4025837.4156982563
352639.1421705483 4025836.7095529623
352639.58646872285 4025835.5833384874
352640.11367577803 4025834.5406041727
352640.4852473078 4025833.818880974
352640.8804852982 4025833.090319293
352641.5817181486 4025831.889715923
352641.9796660502 4025831.0724454764
352642.3851776571 4025830.224974349
352642.84960195236 4025829.3534203786
352643.44655538467 4025828.026423223
352643.9452059233 4025827.0670671994
352644.4334088699 4025826.089690241
352645.17900190677 4025824.5474419137
352645.7170937285 4025823.51140291
352646.16346136946 4025822.364291863
352646.7122262592 4025821.253945417
352647.57276187465 4025819.5203221133
352648.1576648875 4025818.3554313118
352648.7624648883 4025817.162571447
352649.39571134513 4025816.075090626
352650.33316098375 4025814.1831414485
352650.97447816195 4025812.8946730336
352651.62884887133 4025811.587451229
352652.25981997396 4025810.1971800397
352653.2942681095 4025808.1457868326
352653.9835555245 4025806.7754971073
352654.6809675556 4025805.3868707097
352655.746116823 4025803.2408557683
352656.4376278359 4025801.8112720354
352657.1974704114 4025800.367876388
352659.43792744784 4025796.3155500717
352660.20141106413 4025794.8275950295
352660.97598391486 4025793.3214748693
352662.0809437011 4025791.1467094007
352662.8113820384 4025789.689277562
352663.5330072634 4025788.26772704
352664.24831996736 4025786.854939344
352664.96176978265 4025785.469814205
352665.88987362804 4025783.6928769774
352666.5252099361 4025782.400738789
352667.11563679506 4025781.190924956
352668.02750645997 4025779.430354225
352668.61218311184 4025778.362676186
352669.1642091245 4025777.332949169
352669.6639156789 4025776.3825653633
352670.22726470366 4025775.422333291
352670.64811504114 4025774.563506353
352671.00819290755 4025773.8305505547
352671.6111575166 4025772.719395667
352669.2107299684 4025778.5543501633
352669.81633842085 4025777.2661576173
352669.9525426063 4025777.0584420473
352672.15492823976 4025771.9272788465
352672.4663685055 4025771.2579573225
352672.8001985166 4025770.6175505198
352673.2476752322 4025769.841496442
352673.5422242632 4025769.287202103
352673.84277852124 4025768.679652444
352674.17506267404 4025768.0750033953
352674.65468584455 4025767.1362799904
352674.97615431855 4025766.5394715685
352675.2759054332 4025765.8846636326
352675.74101447733 4025764.9949015933
352676.03875485656 4025764.3801869988
352676.3547812501 4025763.8011149196
352676.83887485904 4025762.829691342
352677.15683294233 4025762.242818765
352677.47999495786 4025761.618905692
352677.8115283355 4025760.9647782464
352678.3864064533 4025759.890720518
352678.7734775073 4025759.1881551286
352679.1340968814 4025758.4922535606
352679.71878418396 4025757.3511160323
352680.1061309834 4025756.590843132
352680.5426570547 4025755.798774462
352680.9587330181 4025755.023254635
352681.6054654628 4025753.7360285907
352682.05344772455 4025752.878738555
352682.65581201867 4025751.1671518087
352683.3544467953 4025749.791823545
352684.8986817325 4025746.87510362
352685.3781695238 4025745.9018724863
352686.096950386 4025744.4445302687
352686.5903799342 4025743.4783860696
352687.1029022197 4025742.479182081
352687.5517792747 4025741.6480654245
352688.33472957544 4025740.148463925
352688.85267040844 4025739.119539747
352689.3711064913 4025738.1144651156
352690.2010166872 4025736.4471711176
352690.70040272 4025735.4829233726
352691.20903594187 4025734.4818993476
352691.69583015866 4025733.484353634
352692.4611628767 4025732.072827015
352692.96517691354 4025731.0534610907
352693.4972170328 4025730.06724188
352694.028329898 4025729.079262997
352694.8153292517 4025727.680462489
352695.3307794696 4025726.5841131313
352695.8749510399 4025725.6093394514
352696.6749338478 4025724.0028100153
352697.22057779715 4025722.945673833
352697.6805559514 4025722.1128156064
352698.2594999466 4025720.992528091
352698.8009305239 4025719.956769324
352699.36315761996 4025718.829775096
352700.3535522354 4025716.8094316134
352700.92469908635 4025715.679178832
352701.5015411167 4025714.5460551283
352702.38553361385 4025712.813038635
352702.94089798466 4025711.762728622
352703.5169648923 4025710.578684366
352704.1116713591 4025709.3929917645
352705.0232222484 4025707.5810535103
352705.6119878058 4025706.3626157497
352706.2382302048 4025705.1261192816
352706.92950558866 4025703.6816749936
352707.85786093154 4025701.786448141
352708.48043321795 4025700.5135060805
352709.11411983456 4025699.2397093875
352710.0604860099 4025697.3321922976
352710.707159228 4025696.0251068575
352711.31497499277 4025694.8290940844
352712.31023932865 4025692.836189386
352712.90188093646 4025691.6759610865
352713.5682178489 4025690.3218246032
352714.2519217825 4025688.9809310315
352715.2574462183 4025686.952675833
352715.8824634463 4025685.754817596
352716.5722263156 4025684.310954809
352717.65018231026 4025682.235417732
352718.39097080147 4025680.878906835
352719.1076296756 4025679.507270671
352719.773815254 4025678.191642928
352720.86258563097 4025676.0341398413
352721.57864116126 4025674.5424478166
352722.31886157254 4025673.0996146067
352723.50885105797 4025670.5660999934
352724.24971336406 4025669.0976226907
352724.98550812213 4025667.6002691747
352726.11835484044 4025665.3481397964
352726.8689158923 4025663.842989801
352727.6083909496 4025662.350900445
352728.70261694374 4025660.133938506
352729.4184570409 4025658.671657226
352730.1518297159 4025657.216512897
352730.9229656439 4025655.665073368
352732.01846466796 4025653.528208536
352732.72760962637 4025652.126074538
352733.42271339305 4025650.790204594
352734.07128267566 4025649.5150476266
352735.03023839777 4025647.661139042
352735.6255122575 4025646.4713337165
352736.2109866331 4025645.3386210464
352737.08920376597 4025643.5447861752
352737.6416944288 4025642.451583494
352738.16244062554 4025641.4391494095
352738.8976586852 4025640.0448955563
352739.39808730176 4025639.062102082
352739.8937833827 4025638.1071308134
352740.5805016124 4025636.779393686
352741.02793051105 4025635.899368587
352741.4590628778 4025635.05324342
352741.8394427706 4025634.315396698
352742.44978282263 4025633.1406494253
352742.84053785517 4025632.395413621
352743.1738991017 4025631.6792276492
352743.5842457386 4025630.9091352974
352744.15770895715 4025629.8035923596
352744.5422165713 4025629.0392654985
352744.8974081147 4025628.292636636
352745.2703846303 4025627.594420156
352745.88608413114 4025626.4022712638
352746.2474467518 4025625.6596434056
352746.63945969706 4025624.935581147
352747.22384800157 4025623.807437498
352747.6116107125 4025623.018087917
352747.9960925068 4025622.3050284567
352748.4265096253 4025621.48011058
352749.07981693785 4025620.2088693194
352749.5531999668 4025619.3297354165
352750.0195018825 4025618.419429144
352750.7643356218 4025616.9992688163
352751.29140661086 4025616.026121551
352751.8152824419 4025615.03394228
352752.3943374255 4025613.919316684
352753.28957385715 4025612.3714305665
352753.8952905617 4025611.3152756286
352754.5456996753 4025610.2537008463
352755.53664283146 4025608.63916236
352756.24769036093 4025607.554586076
352756.90427429054 4025606.655695238
352757.6574999996 4025605.549762667
352758.8392913268 4025603.906016089
352759.6476902027 4025602.7247984987
352760.46887553774 4025601.656994013
352761.25882974954 4025600.5998181794
352762.4407059605 4025599.0190999997
352763.21139353036 4025598.0217300016
352763.9682319053 4025597.049119063
352765.0662119413 4025595.664906548
352765.7598609539 4025594.7816989874
352766.40965292393 4025593.9689238067
352767.3188794402 4025592.8269410585
352767.886075449 4025592.1023453134
352768.40861626016 4025591.448750312
352769.1275334663 4025590.5472481283
352769.6257124577 4025589.917703025
352770.13233454694 4025589.2727010823
352770.59458301443 4025588.6941454285
352771.29816952883 4025587.8622582606
352771.736671954 4025587.2594713713
352772.1788776788 4025586.631654019
352772.9372318187 4025585.5473854067
352773.35552964907 4025584.928074837
352773.7239171354 4025584.4296784145
352774.1584242807 4025583.8188589406
352774.81750413805 4025582.8553444683
352775.2655395025 4025582.179712457
352775.7252830687 4025581.4853501
352776.440892497 4025580.399588586
352776.944384609 4025579.6442280854
352777.46913075063 4025578.840346911
352778.0063175595 4025578.029152566
352778.5772833533 4025577.1776582953
352779.42545872554 4025575.9390630573
352780.3355203408 4025574.5607079556
352780.9619644799 4025573.5937535646
352781.9486732411 4025572.1256560422
352782.62016606005 4025571.1583804768
352783.3238921078 4025570.1232005004
352784.0357712204 4025569.0554797403
352785.11140357924 4025567.4330706657
352785.84961179417 4025566.314412884
352786.60942254215 4025565.1518891873
352787.3783063572 4025564.000419133
352788.5613471514 4025562.2076273463
352789.36978873337 4025560.9914576537
352790.192806373 4025559.7721553394
352791.03421338886 4025558.5364505635
352792.3216345075 4025556.6538896947
352793.1802375354 4025555.379054649
352794.0419368831 4025554.122698604
352795.30808041594 4025552.2290700343
352796.145932051 4025550.9953126656
352796.96994068904 4025549.749695093
352797.7918299326 4025548.5325211626
352799.0189269403 4025546.7230035663
352799.8294281224 4025545.5380927324
352800.63483064633 4025544.370024596
352801.78883039794 4025542.642532868
352802.5391589193 4025541.5344347144
352803.26004108123 4025540.4363798853
352804.3023257842 4025538.8528235634
352804.95016520255 4025537.845337808
352805.58847225003 4025536.8842872307
352806.19248641934 4025535.964987846
352807.0489523206 4025534.653904501
352807.57666878786 4025533.850196961
352808.06756287534 4025533.1136949863
352808.72617395746 4025532.122116847
352809.1209792899 4025531.561908796
352809.44379919907 4025531.0911419946
352809.7964041556 4025530.5826954516
352810.3022950832 4025529.899536
352810.6283590317 4025529.477095766
352810.96151870606 4025528.970422071
352811.42151251127 4025528.427860526
352811.7386687727 4025528.041081047
352812.08357539924 4025527.6659257263
352812.5659308719 4025527.1506152838
352812.9581501075 4025526.8344677505
352813.5307873826 4025526.3293867186
352813.9244867718 4025526.01055089
352814.3399116362 4025525.729074919
352815.0305704394 4025525.335065148
352815.51544081455 4025525.0788200838
352816.3508298836 4025524.7620269773
352816.9452509992 4025524.593693958
352817.58209799347 4025524.4238637653
352818.2699733643 4025524.325739503
352818.9711380493 4025524.291417576
352820.09082671686 4025524.300811617
352820.8794258409 4025524.373308892
352822.07442246715 4025524.584050093
352822.8983463462 4025524.7706875647
352823.7381737048 4025525.000665085
352824.5872240701 4025525.261112957
352825.90265333134 4025525.7143808883
352826.79704764346 4025526.0764815337
352827.6847195853 4025526.491960566
352829.06083914207 4025527.1631362718
352829.9610167495 4025527.6702838335
352830.85756061296 4025528.164288116
352832.18511818454 4025528.9460352026
352833.0506897446 4025529.4923871746
352833.90684008267 4025530.0230309167
352834.72153191816 4025530.548719363
352836.01155649894 4025531.403454755
352836.8732884908 4025531.9668502263
352837.66669197974 4025532.51265251
352838.8745435112 4025533.316740012
352839.69118518755 4025533.8780161887
352840.4926866798 4025534.4303392395
352841.2899717715 4025534.9880603626
352842.48752141825 4025535.793321953
352843.3032970696 4025536.3247630396
352844.1359665677 4025536.8838810436
352845.4370989839 4025537.7163467375
352846.32007009827 4025538.2673980594
352847.2401180907 4025538.824367026
352848.6818187141 4025539.70571336
352849.65724529774 4025540.2999150003
352850.66114609875 4025540.9113880345
352851.70174411935 4025541.52756457
352853.26132253255 4025542.506336758
352854.33112013177 4025543.171952994
352855.4225979618 4025543.845856712
352856.53178658674 4025544.5638466715
352857.6568621615 4025545.2713580932
352858.79479819664 4025545.9962950717
352860.5238015918 4025547.1484077564
352861.70013301854 4025547.8882286507
352862.89295173215 4025548.6793694394
352864.70634140505 4025549.8540192163
352865.93850767973 4025550.636835715
352867.19350756996 4025551.458879967
352869.1189018746 4025552.675794102
352870.4310784072 4025553.4929843503
352871.76804862026 4025554.26925097
352873.12561995734 4025555.0801226688
352875.22107482376 4025556.280502364
352876.6191040558 4025557.069160228
352878.06106661074 4025557.8817072236
352879.5173127638 4025558.6580586983
352881.7137833298 4025559.908990643
352883.188811378 4025560.7502724645
352884.6841194823 4025561.570237542
352886.9255957239 4025562.86601424
352888.41812629224 4025563.723311967
352889.89906858455 4025564.5905717188
352891.3599935699 4025565.447074771
352892.80026403966 4025566.339881911
352894.9404208383 4025567.641486028
352896.33237024216 4025568.5427705757
352897.6925125006 4025569.473668514
352899.70846383483 4025570.8709269236
352901.0370400095 4025571.8192280713
352902.9334521488 4025573.2221779064
352904.7715078175 4025574.6821568296
352905.948429865 4025575.668763835
352907.06196474074 4025576.62748438
352908.1409178262 4025577.563377925
352909.66178427706 4025579.017089353
352910.61833201424 4025579.948402505
352911.5351550132 4025580.8658532454
352912.8229183783 4025582.2070058435
352913.63765731826 4025583.095673313
352914.445198875 4025583.9938951847
352915.19368340424 4025584.886683261
352916.34898501064 4025586.1807039757
352917.11760165007 4025587.128079187
352917.8288791908 4025588.0707681957
352918.83171153883 4025589.3973377
352919.5051660709 4025590.364193675
352920.14087484375 4025591.2962917867
352921.0763647846 4025592.7532807845
352921.6857414752 4025593.7784832325
352922.3076676971 4025594.7234655996
352922.9180555671 4025595.7659618035
352923.8955103663 4025597.316006
352924.56078915216 4025598.3723294404
352925.23838296824 4025599.435101963
352926.3002130882 4025601.059948891
352927.0487712119 4025602.1370527027
352927.8431559487 4025603.2385684326
352928.6756184534 4025604.3098099194
352930.0181669314 4025605.891610177
352930.96997704706 4025606.935415254
352931.9828777162 4025607.95643429
352933.5710637118 4025609.4693732196
352934.68504930404 4025610.444512461
352935.8385745329 4025611.4226428308
352937.00614631944 4025612.334731612
352938.77757461776 4025613.6507029547
352939.98569642834 4025614.498409055
352941.1804983359 4025615.301621647
352942.92008595885 4025616.4495752887
352944.0355823759 4025617.191215613
352945.1214609021 4025617.885198959
352946.6403173463 4025618.8721125997
352947.6079147792 4025619.481881811
352948.4997038235 4025620.0563182626
352949.39121857146 4025620.6198846963
352950.84364087944 4025621.5157126854
352951.77118909534 4025622.071344173
352952.6364148663 4025622.619488682
352953.98617010575 4025623.420406862
352954.8988980454 4025624.001812499
352955.7838353026 4025624.542742931
352956.6832666582 4025625.070444412
352958.0284860348 4025625.900291542
352958.9504441578 4025626.4703333275
352959.90074302733 4025627.0392285907
352961.3711671116 4025627.948845636
352962.3773962015 4025628.582262763
352963.4174885559 4025629.238519524
352965.01985824853 4025630.2179162153
352966.1240448328 4025630.9173617307
352967.25184251566 4025631.627836417
352968.3957228258 4025632.33937001
352970.10005534417 4025633.419904165
352971.2277701176 4025634.1466928795
352972.3468118367 4025634.8595360676
352973.9798546566 4025635.9172004843
352975.0175439796 4025636.5959146414
352976.0297082248 4025637.267183259
352977.01837967953 4025637.9185435693
352978.48177212075 4025638.8635701113
352979.4470635567 4025639.485810089
352980.3517331695 4025640.0632491745
352981.8028040755 4025641.017362611
352982.78560147784 4025641.6346453754
352983.6907962512 4025642.248362058
352984.5835053286 4025642.8191244975
352985.9948919723 4025643.756489942
352986.90321481985 4025644.332425136
352987.8487632178 4025644.928368829
352989.27044662926 4025645.83260295
352990.2181467378 4025646.4337258353
352991.18973272655 4025647.046206157
352992.6979201535 4025647.997355099
352993.728209315 4025648.6526719024
352994.79378523014 4025649.3248121063
352995.8922762935 4025650.000943788
352997.5757361412 4025651.084167372
352998.14521298604 4025651.4403662044
352999.9032243975 4025652.5801394833
353001.11304176564 4025653.3485944793
353002.34457206074 4025654.1378760445
353004.2433326122 4025655.3532726737
353005.5425342638 4025656.169148651
353006.86367704265 4025657.024600765
353008.89129876485 4025658.3026175075
353010.2731613993 4025659.2034244635
353011.6832987749 4025660.0833341903
353013.1123230222 4025660.986781701
353015.3198872539 4025662.3653912004
353016.83533206495 4025663.2738097426
353019.0797164837 4025664.7544400776
353020.61630107136 4025665.7134345365
353022.1847461868 4025666.7095067203
353023.77399187046 4025667.709665103
353025.3739503734 4025668.717076873
353027.81888326886 4025670.275092303
353029.4804816657 4025671.318633411
353031.1522971981 4025672.366662173
353033.6962748355 4025673.991466181
353035.41210275504 4025675.0681556133
353037.14366707637 4025676.16255516
353038.88582110964 4025677.267539254
353041.5191089611 4025678.9355506785
353043.2706989746 4025680.0360478973
353045.00960921333 4025681.113901272
353046.73190324777 4025682.2227745387
353048.4581252062 4025683.32514545
353051.02303277585 4025684.9461594047
353052.71329342487 4025686.0078611737
353054.3769603862 4025687.0679057785
353056.8282883154 4025688.606734202
353058.41273656354 4025689.6208507745
353059.95539859845 4025690.6000557127
353061.454722091 4025691.5533636296
353063.5931134097 4025692.997740212
353064.9842776302 4025693.886746173
353066.31981048104 4025694.739410629
353068.24918522866 4025695.9723890633
353069.47244957625 4025696.751277908
353070.65670476074 4025697.5055277967
353071.7799277196 4025698.2330708
353072.8367480501 4025698.9135800367
353073.8701952356 4025699.570627759
353075.4887700847 4025700.612798187
353076.46389987017 4025701.2338828663
353077.8852789587 4025702.1424635644
353078.8840330398 4025702.780680779
353079.84126455593 4025703.399516994
353080.80024844175 4025704.010555922
353082.24826335855 4025704.9445410427
353083.65846204496 4025705.8395522744
353084.6104326302 4025706.45514916
353085.55804861477 4025707.041524714
353087.02545271744 4025707.9493266395
353088.0127208422 4025708.5665448783
353089.025283203 4025709.188217002
353090.57912133704 4025710.1282882723
353091.6303515256 4025710.7703889334
353092.6940210947 4025711.4315870907
353093.7845326908 4025712.098544528
353094.8903063757 4025712.786992898
353096.00918399484 4025713.4490311146
353097.7100559396 4025714.4914750042
353098.86085634684 4025715.183710289
353100.02775905 4025715.9258298026
353101.72970276687 4025717.153348962
353102.91553042317 4025717.931878096
353104.1010747192 4025718.720177265
353105.30112997734 4025719.49624622
353106.53028552985 4025720.2630557283
353108.29369039054 4025721.4738880657
353109.4469475404 4025722.2847065884
353110.5923885233 4025723.1056447425
353111.70840832393 4025723.92752555
353113.40790096915 4025725.0688671735
353114.5277586301 4025725.7677320223
353115.98511389375 4025725.6011060686
353117.47050170833 4025726.8237538803
353117.7893534587 4025729.025591311
353118.656191348 4025729.839600658
353119.87548855296 4025731.0310271503
353120.61597448925 4025731.787477882
353121.32423316286 4025732.5010868087
353122.52328070987 4025733.6733266613
353123.09572082653 4025734.279158382
353123.6584305763 4025734.9304295075
353124.21304364584 4025735.5699644294
353125.0303503832 4025736.458717678
353125.5131465127 4025737.0335554625
353125.9849610444 4025737.5694080824
353126.4713611192 4025738.1662672376
353127.4682608409 4025739.1138966535
353127.9496032379 4025739.7353652637
353128.4073498406 4025740.346691919
353129.1238663231 4025741.282871912
353130.07343893347 4025741.9745263928
353130.5552019585 4025742.657907495
353131.04654148075 4025743.3873995016
353131.8179705993 4025744.518838475
353132.33370153373 4025745.3319190918
353132.20143826306 4025746.70493367
353133.0212268849 4025748.0527153034
353133.5930904414 4025748.99534174
353134.16523808 4025749.9388511293
353134.3695172459 4025751.6769027854
353135.25114184694 4025753.2419084744
353135.87358203565 4025754.30929242
353136.5031197602 4025755.4195002937
353137.6634452458 4025756.314204374
353138.3149971394 4025757.4948361544
353138.9674122265 4025758.731713529
353139.5482157616 4025759.878922608
353140.5879729024 4025761.7511794865
353141.29461515474 4025763.0369622186
353136.7605265884 4025775.042285016
353137.485385149 4025776.402106524
353138.6340241614 4025778.4080085517
353140.75956152607 4025777.0038801245
353141.57757692924 4025778.379656118
353142.82795112894 4025780.4523012433
353143.70995330997 4025781.7485395987
353144.6021686363 4025783.0861065635
353147.3185098867 4025780.665388507
353148.71596719313 4025782.573308632
353149.6482669584 4025783.781919218
353150.5930364373 4025784.958471125
353151.52556944016 4025786.0696490696
353152.93138756044 4025787.660728827
353155.5393483455 4025785.2525025904
353156.4609468912 4025786.1950857723
353157.2893121525 4025788.3619921287
353158.1627113403 4025789.1824409063
353159.0132503632 4025789.983192101
353159.80966373516 4025790.6669027093
353161.0153126989 4025791.673362044
353162.82687759947 4025790.213859855
353163.64541260974 4025790.8207398606
353164.7840556881 4025791.67564463
353165.5834469504 4025792.249115242
353166.3865354331 4025792.8236329514
353167.58534294885 4025793.638236475
353168.4008697287 4025794.1841361206
353169.2105067173 4025794.7108273976
353170.01544432563 4025795.2356009604
353171.21248534427 4025796.0360311335
353172.014427216 4025796.5694000702
353172.8073839031 4025797.123339196
353173.99536301615 4025798.008701898
353174.7671749219 4025798.638900719
353175.5153763418 4025799.3004593416
353176.2374251243 4025800.012840019
353177.27918823855 4025801.1301596146
353177.9355199863 4025801.8994700625
353178.56640320807 4025802.71348744
353179.4531793052 4025804.011201769
353179.9871178348 4025804.90886606
353180.46461960796 4025805.839112017
353181.14191238326 4025807.2895147484
353181.521981959 4025808.306411923
353181.84731581446 4025809.376834648
353182.1239509621 4025810.475713117
353182.4150638812 4025812.137835778
353182.51212227216 4025813.279371586
353182.53336542996 4025814.4432754605
353182.4592405467 4025815.6355379517
353182.202731055 4025817.414575614
353181.9407030664 4025818.6135723013
353181.6044551766 4025819.823147572
353180.9350216058 4025821.6337043038
353180.4047388078 4025822.816494789
353179.8144707155 4025824.0183891277
353179.1853671501 4025825.2005235436
353178.16121628456 4025826.982024406
353177.4521690125 4025828.165291401
353176.69902375515 4025829.4207681813
353175.5833058704 4025831.2483183923
353174.8031418526 4025832.49814994
353174.0239345176 4025833.762058148
353172.8203651996 4025835.690745357
353172.0004470523 4025837.0042798724
353171.1720772037 4025838.3221744117
353170.3300962385 4025839.6789161037
353169.04093051364 4025841.730562808
353168.16620563716 4025843.141012622
353167.28328649246 4025844.549825904
353166.39383038064 4025845.970068664
353165.0178497395 4025848.1627832367
353164.0914931687 4025849.64035553
353163.16561998444 4025851.146438226
353161.73559601046 4025853.4175239345
353160.771337974 4025854.956881553
353159.79678234225 4025856.508176262
353158.8134605004 4025858.077041426
353157.32406542776 4025860.45100152
353156.3182190547 4025862.056978698
353154.7917058939 4025864.491268397
353153.76455729106 4025866.1323394976
353152.7371334318 4025867.783624355
353151.68964050664 4025869.431587515
353150.11538799363 4025871.92427891
353149.07930225914 4025873.57804136
353148.0519764556 4025875.219116267
353146.49572467635 4025877.67765853
353145.48450356425 4025879.2892766194
353144.45985416824 4025880.9134397176
353143.43109141616 4025882.559644099
353141.9241337611 4025884.940008122
353140.9221604307 4025886.525281956
353139.91565179644 4025888.1182894954
353138.44386349234 4025890.471426209
353137.46443882235 4025892.015593565
353136.49319076125 4025893.565614698
353135.5381097538 4025895.100492425
353134.1453654859 4025897.3463171273
353133.2283307673 4025898.811972875
353132.33458585106 4025900.237951779
353131.05265945056 4025902.329097676
353130.2187543586 4025903.679714925
353129.41500787943 4025904.9882085877
353128.2601248331 4025906.8653661874
353127.5234914819 4025908.066971237
353126.8132349928 4025909.2416082537
353125.82688660023 4025910.8323896285
353125.180754408 4025911.882655852
353124.5555450232 4025912.870093188
353123.6849272073 4025914.3048914433
353123.15469393646 4025915.2038321774
353122.60850419535 4025916.125014823
353121.7478609545 4025917.523469061
353121.2021473133 4025918.3985924968
353120.3968642214 4025919.695683612
353119.851306631 4025920.5958830155
353119.3230754193 4025921.4699335187
353118.80042810366 4025922.3504364663
353118.0249823895 4025923.6605600966
353117.518983579 4025924.5384506606
353117.01472713856 4025925.418531065
353116.503034072 4025926.3046187935
353115.71558766975 4025927.6744243144
353114.9173816701 4025929.1083292053
353114.3708901743 4025930.096319646
353113.8086297732 4025931.11231912
353113.22512816044 4025932.1617467934
353112.3348792603 4025933.804165271
353111.72974073817 4025934.9271979397
353111.11801852053 4025936.0800813744
353110.16863289836 4025937.8551091882
353109.52105236345 4025939.089717339
353108.86908467254 4025940.3566912734
353108.21290954127 4025941.640159685
353107.21669826645 4025943.6069555907
353106.53351835744 4025944.9650077703
353105.8618500711 4025946.3350712466
353104.8413018018 4025948.4120262577
353104.1416693274 4025949.8688961426
353103.4543959607 4025951.3083567354
353102.4092634561 4025953.507348528
353101.6875882379 4025954.9926669262
353100.96279895795 4025956.511328252
353099.87793711096 4025958.8177440255
353099.122657966 4025960.380088502
353098.3565298967 4025961.9536026856
353097.58473833 4025963.5424154233
353096.8016667417 4025965.1487302952
353095.5993882833 4025967.5855258275
353094.7872444556 4025969.2238483485
353093.97200492275 4025970.8912967667
353092.76138895657 4025973.354977149
353091.96049546223 4025975.0004331004
353091.17279731046 4025976.6354564964
353089.99721147737 4025979.053158066
353089.2151173612 4025980.6481386037
353088.44353829196 4025982.233397818
353087.29595535074 4025984.577054072
353086.54345116613 4025986.122818813
353085.8121848139 4025987.6190652573
353085.09162439953 4025989.0903846608
353084.39442017744 4025990.5365625625
353083.716736472 4025991.9378009024
353082.7220819779 4025993.985135906
353082.09074734553 4025995.2934861067
353081.47343513864 4025996.566089228
353080.59108921204 4025998.3880331735
353080.0087503215 4025999.5849189097
353079.428256745 4026000.7847695164
353078.85775610665 4026001.970579889
353078.052814457 4026003.6733650086
353077.5025842996 4026004.853172518
353076.9444194146 4026006.0466525606
353076.1574521023 4026007.713845688
353075.634942222 4026008.792425421
353075.1128138964 4026009.9252615417
353074.33836778975 4026011.584585875
353073.8193263544 4026012.687741594
353073.30170268624 4026013.763353522
353072.7909847946 4026014.90221051
353071.99392261065 4026016.609079492
353071.47201139736 4026017.770541675
353070.91760814947 4026018.974056422
353070.0791979104 4026020.8040231816
353069.50618228305 4026022.0424752925
353068.91973812657 4026023.3252089974
353068.0225508392 4026025.2824529326
353067.4262327466 4026026.6020842306
353066.82519120886 4026027.9183556954
353066.2316195853 4026029.241158573
353065.3508784594 4026031.1838092757
353064.78077662515 4026032.4246536507
353064.22996560077 4026033.6599555416
353063.4190098915 4026035.452283696
353062.89062016306 4026036.607309339
353062.3896477326 4026037.770303626
353061.85615305474 4026038.936512604
353061.03079236613 4026040.7048945054
353060.525541571 4026041.811368343
353060.0086101125 4026042.911715164
353059.2326287158 4026044.6283261795
353058.716953655 4026045.7286517946
353058.2012169124 4026046.862379539
353057.40624957625 4026048.5601154184
353056.8597536327 4026049.716336287
353056.2995177249 4026050.8878816846
353055.7285795128 4026052.095118022
353054.8495431008 4026053.9580669254
353054.2543497131 4026055.216759465
353053.6395938656 4026056.5231666574
353052.69672550505 4026058.5010503097
353052.0544465457 4026059.8514233953
353051.40601534606 4026061.22531489
353050.7422154666 4026062.6243236503
353049.71509831643 4026064.725034178
353049.0537708696 4026066.1322127287
353048.39886958624 4026067.5214166935
353047.4308429549 4026069.545002205
353046.80800037156 4026070.840117549
353046.19538966427 4026072.1194130993
353045.6025053708 4026073.3606454227
353044.7520847682 4026075.1273458838
353044.22303439875 4026076.227233609
353043.72380172333 4026077.3231757428
353042.91237996914 4026079.0292929304
353042.3585925761 4026080.1310428693
353041.8403914984 4026081.182698106
353041.07598291244 4026082.7398773665
353040.55542564194 4026083.7954564984
353040.0429341139 4026084.8715387364
353039.5359220706 4026085.9055825816
353038.7685541579 4026087.4840069707
353038.25781323155 4026088.51511804
353037.7370206968 4026089.58324064
353036.94280275103 4026091.187088145
353036.39616365964 4026092.2816154473
353035.839359518 4026093.4011717797
353035.2729193402 4026094.5293250685
353034.397990376 4026096.2846799553
353033.8011981336 4026097.48048312
353033.19176712865 4026098.693034763
353032.5610242187 4026099.9347993103
353031.5868150826 4026101.8262192914
353030.9175247995 4026103.107476177
353030.2346766485 4026104.409491953
353029.5335339594 4026105.712261941
353028.4598833881 4026107.6984701683
353027.7199148857 4026109.0401824294
353026.60810792755 4026111.0148317157
353025.861032465 4026112.3290339345
353025.12265175337 4026113.6214502086
353024.38484670175 4026114.894881443
353023.061623923 4026116.8281754265
353022.37811309204 4026118.0169059336
353021.720739327 4026119.132842732
353020.7990466382 4026120.7181033525
353020.30768468615 4026121.8280064855
353019.79017175676 4026122.73472883
353019.25828986877 4026123.630265333
353018.494018768 4026124.9252297953
353018.0237983161 4026125.699543298
353017.5725574327 4026126.4129469455
353017.14437069255 4026127.1310640643
353016.47986375476 4026128.2284798822
353016.0456862692 4026128.9425929007
353015.62188785704 4026129.638997118
353015.20636980335 4026130.3368144454
353014.5774009838 4026131.354841098
353014.17554277444 4026132.022021839
353013.76477699867 4026132.6772582927
353013.1789594079 4026133.636184506
353012.7884252878 4026134.277872774
353012.3922065443 4026134.896576356
353012.01292859984 4026135.5246467325
353011.6290506973 4026136.1513525858
353011.04646977584 4026137.084146831
353010.66277266346 4026137.721502496
353010.26725558244 4026138.360390281
353009.8149025434 4026138.8811746077
353009.2191335411 4026139.845929257
353008.8063734629 4026140.4946527667
353008.92488174926 4026141.1482354286
353007.9488748749 4026141.954321182
353007.51831584144 4026142.638301281
353007.08116488677 4026143.325167398
353006.42527850356 4026144.385707838
353005.99295793276 4026145.0927990396
353005.5515854598 4026145.8005986493
353005.1164800568 4026146.507515209
353004.4593425641 4026147.5577571196
353004.0379138368 4026148.25090377
353003.61057588377 4026148.9184063477
353002.9861773309 4026149.9147179145
353002.5815880904 4026150.5636360706
353002.19024370366 4026151.215658582
353001.81082293054 4026151.856382149
353001.27539489744 4026152.8124571317
353000.93398021924 4026153.450538618
353000.5903070536 4026154.066576006
353000.2586226949 4026154.685739043
352999.75678300625 4026155.595636927
352999.40110313636 4026156.181029229
352999.05902508623 4026156.7694088523
352998.6961328519 4026157.358141582
352998.14315511944 4026158.2530388026
352997.7577277743 4026158.8782181344
352997.34953319747 4026159.5050043482
352996.69653352397 4026160.51866863
352996.23617099295 4026161.22845546
352995.75150724815 4026161.960515071
352994.98031092505 4026163.1272106958
352994.4400098409 4026163.95464715
352993.88365020725 4026164.8035507654
352993.30410803336 4026165.6824758905
352992.41186389106 4026167.056292306
352991.79608466954 4026167.9892074233
352991.1726928133 4026168.954765067
352990.2140522455 4026170.3980638213
352989.62007771706 4026171.3413730008
352988.9879161201 4026172.303084797
352988.34815885476 4026173.2984375414
352987.3966313608 4026174.7113219993
352986.8032296874 4026175.5931459744
352986.2108269194 4026176.4968135497
352985.3060078692 4026177.8698454653
352984.69288471044 4026178.7899549096
352983.7450179831 4026180.2334046215
352983.099436666 4026181.218647668
352982.4331693046 4026182.2276557665
352981.74849959626 4026183.257505034
352981.0471654164 4026184.320705264
352980.327152238 4026185.4043074977
352979.2195419435 4026187.0749542774
352978.4526421721 4026188.2142808526
352977.6701263527 4026189.3852761206
352976.4768112225 4026191.161575439
352975.6896432564 4026192.3281002
352974.9143995893 4026193.472784162
352973.7469859376 4026195.18883324
352972.9765203146 4026196.303031376
352972.21506978455 4026197.4037605897
352971.09275923966 4026199.032934414
352970.35240122624 4026200.0967977904
352969.6168930598 4026201.139717154
352968.8964548578 4026202.176943502
352967.8591874712 4026203.698368442
352967.14268146834 4026204.697577524
352966.43522815284 4026205.6855363683
352965.36712554557 4026207.12969699
352964.69430542155 4026208.059032593
352964.0019456047 4026209.016219631
352963.2974153287 4026209.980715133
352962.59035370266 4026210.938817568
352961.503381414 4026212.4238018887
352960.7727156007 4026213.429355038
352959.63941988687 4026214.955628634
352958.86235768057 4026216.003470923
352958.0658863147 4026217.06040904
352957.25955769117 4026218.118180312
352956.01069760695 4026219.7673695246
352955.14972638135 4026220.8680137983
352954.29673251236 4026221.9522106447
352953.03616586886 4026223.5725256437
352952.2024764519 4026224.6414145906
352951.3708938969 4026225.68108355
352950.559237165 4026226.6997745945
352949.38745610305 4026228.157903267
352948.63194662833 4026229.111280825
352947.88641188166 4026230.012556614
352946.83964728547 4026231.333517255
352946.12250315724 4026232.210231573
352945.38368756603 4026233.105512328
352944.64611613523 4026233.9789115367
352943.5715290016 4026235.220337564
352942.88390801975 4026236.0387373343
352942.17698706867 4026236.8726671888
352941.1038801422 4026238.137815386
352940.3786174252 4026238.9802682456
352939.6557018656 4026239.818242658
352938.91957581445 4026240.686846306
352937.75785680616 4026242.013199099
352936.97411422717 4026242.910352811
352936.1718277761 4026243.830569566
352934.9281621254 4026245.2513039317
352934.0670059894 4026246.2191261873
352933.19349819503 4026247.1941490932
352931.8547216265 4026248.6897364235
352930.96984945575 4026249.6878116704
352930.0923666393 4026250.661237887
352929.2201935278 4026251.6302463706
352928.36188057443 4026252.575161796
352927.10964082344 4026253.940004592
352926.2944045514 4026254.821492736
352925.523117204 4026255.712111095
352924.2716022922 4026257.0667330795
352923.4421764962 4026257.94757463
352922.64446086384 4026258.7773880353
352921.86962161754 4026259.612028688
352920.6668974275 4026260.8855939363
352919.87108530797 4026261.7323532775
352919.05609185377 4026262.5857634
352917.8144373392 4026263.902601229
352916.9591823551 4026264.7843257617
352916.08635177545 4026265.70385558
352914.723701217 4026267.1354902275
352913.79051630665 4026268.1103076614
352912.8349292526 4026269.1029273006
352911.33579914854 4026270.6465146593
352910.3053140557 4026271.7046559034
352909.25574769825 4026272.791195852
352908.17324544804 4026273.8829556457
352906.5016339271 4026275.563963889
352905.3513677678 4026276.718572069
352904.1773800879 4026277.8766901786
352902.3581847878 4026279.6339977155
352901.1116380714 4026280.831520699
352899.2385580036 4026282.61282485
352897.98744524806 4026283.7897859686
352896.7484428609 4026284.9400205663
352895.5168010549 4026286.0744840456
352893.68112682615 4026287.7806955935
352892.49574959185 4026288.8756466145
352891.31941384985 4026289.91640335
352889.5965946653 4026291.440489378
352888.47664044204 4026292.440341186
352887.40196126373 4026293.3847177257
352886.34761168703 4026294.310772596
352885.29581184266 4026295.223135367
352883.78645767854 4026296.5762601467
352882.81226772047 4026297.4453600342
352881.2689432516 4026298.76388548
352880.2435756428 4026299.6526080286
352879.26905945025 4026300.4654535814
352878.3218156347 4026301.283051658
352876.87292916595 4026302.5451567937
352875.9217328944 4026303.3783576563
352874.9780079236 4026304.1864641854
352873.5814172282 4026305.3784385296
352872.6624029736 4026306.1672613607
352871.75731710845 4026306.9413111135
352870.8743206152 4026307.7055537007
352870.0097424948 4026308.4446270214
352869.16365426226 4026309.2050250634
352867.9573639229 4026310.3099890007
352867.19118033536 4026311.0407338766
352866.46537189913 4026311.781557063
352865.48327403644 4026312.908791852
352864.9115759195 4026313.677514317
352864.39469750074 4026314.445527905
352863.94548706786 4026315.2295924015
352863.41761940526 4026316.3704201635
352863.14668377757 4026317.136255039
352862.9304135372 4026317.908152609
352862.77064733533 4026319.063924603
352862.72810901 4026319.824882498
352862.7701664059 4026320.599939305
352862.9754635173 4026321.7238789443
352863.2041737274 4026322.4614774645
352863.5004954693 4026323.1853886326
352863.87493407633 4026323.8906624843
352864.5787608357 4026324.8889556737
352865.1364982543 4026325.52309427
352865.7465612645 4026326.11007112
352866.4077642535 4026326.6593385707
352867.1345599842 4026327.2081581014
352868.2960433575 4026328.025571875
352869.11571863346 4026328.563715172
352869.9505932777 4026329.103819802
352871.20929094154 4026329.9016066
352872.1125932075 4026330.4391069803
352873.05463135417 4026331.0170075633
352874.5339778468 4026331.908588408
352875.55969071365 4026332.5362243447
352876.6165269123 4026333.162888083
352877.7088946558 4026333.810365308
352879.40514819743 4026334.829094301
352880.5740013307 4026335.5204368513
352881.7720670639 4026336.235696323
352883.6163428193 4026337.3202686417
352884.87572826236 4026338.0794290914
352886.16313359083 4026338.860973214
352887.46465301677 4026339.6651371107
352889.4675694618 4026340.8807325773
352890.82249966613 4026341.7228286443
352892.1888428843 4026342.571167242
352894.2791126396 4026343.862957696
352895.6907519796 4026344.7417095704
352897.1187004225 4026345.6349434103
352899.2994396705 4026346.96448148
352900.7617802267 4026347.8748867624
352902.2276236253 4026348.774912875
352903.67010959215 4026349.678775716
352905.8035731715 4026351.041187369
352907.22646090924 4026351.9271848616
352908.63251900295 4026352.8103611893
352910.0324259049 4026353.6801041667
352912.10274159256 4026354.9703509663
352913.4731002338 4026355.8281677384
352914.8359940032 4026356.674459887
352916.8115472868 4026357.9068379668
352918.10903693526 4026358.711851384
352919.3651596387 4026359.4959285776
352920.5800115831 4026360.2805955093
352922.2948784096 4026361.3920068988
352923.3908400871 4026362.108893948
352924.459076604 4026362.8154879203
352925.48319180217 4026363.4604674205
352926.9673516112 4026364.430095841
352927.8857976709 4026364.9561370034
352929.2061234919 4026365.7637604964
352930.08803513984 4026366.3368062163
352930.95057932637 4026366.863241676
352931.74284737697 4026367.3626843668
352932.8795587387 4026368.1118381275
352933.6774397913 4026368.630050119
352934.4483827676 4026369.0785882035
352935.2098264751 4026369.506758676
352936.35335564846 4026370.0760305147
352937.11608327413 4026370.3842239627
352937.8733137935 4026370.691068202
352938.96217776113 4026371.058642309
352939.6524086768 4026371.2936074943
352940.32157485315 4026371.524713491
352941.25651763426 4026371.8860228425
352941.8329172282 4026372.1185923982
352942.3724360209 4026372.346017631
352942.8600125557 4026372.5480252444
352943.48241768463 4026372.8475040216
352943.8234924027 4026373.0203724355
352944.12495914067 4026373.186034404
352944.48997126694 4026373.362824305
352944.5983181639 4026373.406925869
352944.82114045916 4026373.5548362336
352944.9153463826 4026373.6011751983
352944.97955817636 4026373.6357058627
352944.96521951957 4026373.626295075
352944.9570680406 4026373.621883768
352944.966473636 4026373.6261628238
352944.9666599416 4026373.6212771125
352944.95873495773 4026373.619636137
